 1234567890_+_-_*_/_<_>_abcdefghijklmnopqrstuvwxyzABCDEFGHIJKLMNOPQRSTUVWXYZ_=_!_;_,_(_)_[_]_{_}_$_%._ 
0 1 15 16 17 18 23 26 29 31 34 36 37 38 39 40 41 42 43 44 3 0
1 1 2 2 2 2 2 2 50 2 50 2 2 50 2 50 2 50 50 2 50 2
18 22 22 22 19 22 22 22 22 22 22 22 22 22 22 22 22 22 22 44 22 22
19 19 19 19 20 19 19 19 19 19 19 19 19 19 19 19 19 19 19 44 19 19
20 19 19 19 20 21 19 19 19 19 19 19 19 19 19 19 19 19 19 44 19 19
23 24 24 24 24 24 24 24 24 25 24 24 24 24 24 24 24 24 24 44 24 24
26 27 27 27 27 27 27 27 27 28 27 27 27 27 27 27 27 27 27 44 27 27
29 4 30 30 30 30 30 30 29 30 4 30 30 4 4 30 30 4 4 44 4 30
31 32 32 32 32 32 32 32 32 33 33 33 33 33 33 33 33 33 33 44 32 32
34 50 50 50 50 50 50 50 50 35 50 50 50 50 50 50 50 50 50 44 50 50
